%YAML:1.0
---
poses: !!opencv-matrix
   rows: 20
   cols: 16
   dt: d
   data: [ -8.1260364715677824e-01, -5.6166116833220814e-01,
       1.5560219990476065e-01, 1.0019385507924621e+02,
       -5.6301646929397342e-01, 6.8750258128096020e-01,
       -4.5864218737024681e-01, -3.8564148725461330e+01,
       1.5062459271729345e-01, -4.6030091540177837e-01,
       -8.7489159291253582e-01, 4.9635206451239725e+02, 0., 0., 0., 1.,
       -8.6238297466092795e-01, 4.5970815626073741e-01,
       -2.1204720248643402e-01, 4.8675800347334622e+01,
       4.9763067575354741e-01, 6.9275784740960833e-01,
       -5.2196769574512270e-01, -5.4719875852411143e+01,
       -9.3055443494924478e-02, -5.5565724679856254e-01,
       -8.2618745361824775e-01, 4.1624819175834853e+02, 0., 0., 0., 1.,
       -6.2953636043653449e-02, 9.8759066479424051e-01,
       -1.4388022282493451e-01, -5.8389625246139218e+01,
       9.1929005351617943e-01, 1.2600942953261418e-03,
       -3.9357872105664726e-01, -1.0163488741631316e+01,
       -3.8851336812920934e-01, -1.5704486930058056e-01,
       -9.0796160260842584e-01, 3.4965239287253951e+02, 0., 0., 0., 1.,
       9.3484806781000507e-01, 3.4963433126792831e-01,
       -6.1765075169780831e-02, -1.4698185707769607e+00,
       2.6659290434422778e-01, -8.0613576904386264e-01,
       -5.2827393009817314e-01, 6.8437734077609534e+01,
       -2.3449373864819836e-01, 4.7738973205012347e-01,
       -8.4682449791435643e-01, 3.6372776839791362e+02, 0., 0., 0., 1.,
       -5.4398457024235403e-02, 9.1910452652705477e-01,
       3.9024053760579674e-01, -3.3597158751986498e+01,
       9.9293118838549166e-01, 8.5025316304836451e-03,
       1.1838649453061870e-01, -5.6157751921395246e+01,
       1.0549153048827187e-01, 3.9392204339609060e-01,
       -9.1307007437649090e-01, 4.4038718795217335e+02, 0., 0., 0., 1.,
       -7.6070710668955654e-01, 6.0497672703908856e-01,
       -2.3521874409382348e-01, 3.1285526531617931e+00,
       4.6223618633882657e-01, 7.5930730180482908e-01,
       4.5802852472832634e-01, -4.1852079455622537e+01,
       4.5569990769248692e-01, 2.3969893860203373e-01,
       -8.5725259577449942e-01, 4.1904187660338670e+02, 0., 0., 0., 1.,
       -7.9934112586384820e-01, 1.2791925421718747e-01,
       -5.8710342266353222e-01, 6.8492369104779883e+01,
       2.1779919086058752e-01, 9.7231276614848983e-01,
       -8.4684102670723543e-02, -6.8801164786579506e+01,
       5.6001542564753415e-01, -1.9556213637918471e-01,
       -8.0507029124891960e-01, 3.9407613512351594e+02, 0., 0., 0., 1.,
       -9.3121931939829361e-01, 2.3897478476085177e-01,
       -2.7517563741705670e-01, 1.0035665288709870e+02,
       2.8741255832612844e-01, 9.4578662466403685e-01,
       -1.5126692276581205e-01, -7.3807729380852805e+01,
       2.2410845699305654e-01, -2.1995161480451314e-01,
       -9.4941913117920607e-01, 4.3105076194885311e+02, 0., 0., 0., 1.,
       -9.6508496383625886e-01, -1.8986958138387455e-01,
       -1.8044543397459334e-01, 9.9391345270756361e+01,
       -1.6264056885121614e-02, 7.3099595714982224e-01,
       -6.8218794410649986e-01, -2.3496169192632351e+01,
       2.6143162209420001e-01, -6.5543455256472993e-01,
       -7.0856125654276902e-01, 3.4677484659687133e+02, 0., 0., 0., 1.,
       -8.8609624243178253e-01, -1.2425166876862867e-01,
       -4.4653664122497999e-01, 1.7400833973352545e+02,
       -1.6568625698089431e-01, 9.8465493074674870e-01,
       5.4797186093597280e-02, -6.7314063439678506e+01,
       4.3287586372531389e-01, 1.2254056538275913e-01,
       -8.9308582814852522e-01, 5.0051032827532168e+02, 0., 0., 0., 1.,
       3.0214542088307428e-02, -9.7515978625230237e-01,
       -2.1943215972768779e-01, 8.9782570656817057e+01,
       -8.0320412228461324e-01, 1.0698039799386883e-01,
       -5.8601905463054438e-01, 1.3637148115065926e+02,
       5.9493715583362039e-01, 1.9395511264577933e-01,
       -7.8001999646622233e-01, 5.4142759760405079e+02, 0., 0., 0., 1.,
       7.7806202805309899e-01, -6.2449011608325844e-01,
       6.8055678794769953e-02, 7.0739948175513064e+01,
       -4.6058149068466853e-01, -6.4078190083669662e-01,
       -6.1421758848049801e-01, 6.9860232438111154e+01,
       4.2718166035140959e-01, 4.4655419657016793e-01,
       -7.8619665388818882e-01, 3.9989776272355340e+02, 0., 0., 0., 1.,
       8.7088941576530610e-01, -3.0999798540427426e-01,
       3.8138284512187370e-01, -3.5000895897493187e+01,
       2.6880910762093618e-02, -7.4478468600363101e-01,
       -6.6676321744009925e-01, 6.5894574447420453e+01,
       4.9074335669936897e-01, 5.9092894711611832e-01,
       -6.4029207188256809e-01, 2.8836603322068345e+02, 0., 0., 0., 1.,
       7.9857791812587564e-01, 1.7179180455803186e-01,
       5.7685430098807222e-01, -5.0855971751770845e+01,
       5.1680622872886461e-01, -6.8697119963439768e-01,
       -5.1086386916665494e-01, 2.1293602487372311e+01,
       3.0852006519639991e-01, 7.0608650090450786e-01,
       -6.3738310505663520e-01, 2.7959418791398724e+02, 0., 0., 0., 1.,
       3.0717864814271234e-01, 9.4551604650396381e-01,
       1.0789200122683067e-01, -3.6955950846499057e+01,
       9.2938467431519278e-01, -2.7367520813902568e-01,
       -2.4768126210536057e-01, -2.1590013560438677e+00,
       -2.0465924184668360e-01, 1.7635556768521776e-01,
       -9.6281530340619592e-01, 4.1259040968106024e+02, 0., 0., 0., 1.,
       -2.9804114517360769e-01, 7.6643751195244503e-01,
       -5.6898595418142772e-01, 3.3784505447620262e+01,
       9.4300844213157886e-01, 1.4398662643217397e-01,
       -3.0000488242235956e-01, -3.8831350747086070e+01,
       -1.4800862762750350e-01, -6.2597235696221176e-01,
       -7.6567098316900861e-01, 3.8885818505510701e+02, 0., 0., 0., 1.,
       -9.5855983750482199e-01, -2.5351062253475593e-01,
       -1.2998231489233350e-01, 3.3576279789108376e+01,
       -2.6858111625789105e-02, 5.3463446605370912e-01,
       -8.4465651571947375e-01, 1.2620015899781194e+01,
       2.8362242464696952e-01, -8.0616273293269114e-01,
       -5.1928794350328267e-01, 4.1099960816923254e+02, 0., 0., 0., 1.,
       -9.3763318873546031e-01, 8.4408702767026861e-02,
       -3.3722273689500898e-01, 3.7724392042809193e+01,
       2.4273844803558312e-01, 8.5338427090747104e-01,
       -4.6131695396224170e-01, -1.8658313658148376e+01,
       2.4884141381018005e-01, -5.1440301035755243e-01,
       -8.2065065265802262e-01, 4.9653243626165175e+02, 0., 0., 0., 1.,
       -7.6972886644154870e-01, 6.1579327475388124e-01,
       -1.6827392826727341e-01, 3.2344472242859297e+01,
       6.2874420270202203e-01, 7.7691388539091333e-01,
       -3.2947568277389608e-02, -4.2297240156365007e+01,
       1.1044546045540840e-01, -1.3116195124610469e-01,
       -9.8518949588904325e-01, 4.9704523353360048e+02, 0., 0., 0., 1.,
       -8.3432153528890296e-01, -5.5111180691342476e-01,
       1.3540754550172701e-02, 9.7058915731188222e+01,
       -4.5275696437372182e-01, 6.7099649163758535e-01,
       -5.8717530552735708e-01, -1.8476356486732033e+01,
       3.1451344480683230e-01, -4.9602367331678104e-01,
       -8.0934653180517624e-01, 4.5071759943938758e+02, 0., 0., 0., 1. ]
