{"ppx": 640.8161010742188, "height": 720, "joints": [[-61.03393202791763, -114.02404225049396, -59.563255695830485, -106.46671114144165, 61.91401192038644, 0.43865921444926925], [-65.48063106440605, -120.17913552294264, -59.34474428390344, -113.6728339233719, 65.58400233502853, 66.94686413106702], [-74.15745749918013, -123.78369955552517, -56.89328010775914, -113.29433216032648, 91.1848968915028, 109.15953690001018], [-92.25863359225116, -120.92318901036715, -56.61294182346514, -104.76891735907324, 118.4960230048241, 160.74985449370575], [-99.37910580198945, -95.15318580023254, -90.31347767890158, -79.02142645244297, 114.70096499628991, 85.00744840990066], [-100.48778210806593, -76.7948121037755, -127.70835357337118, -39.634402943134084, 107.56873120080085, 33.30698718564947], [-67.0049926833695, -77.22246390808833, -126.13904930966905, -40.614097956924034, 65.2608046136927, 33.294604052684235], [-76.74383157181052, -98.03030736545202, -85.61966239824208, -77.90990878767178, 76.2411738177561, 33.29597692070741], [-60.655594189412284, -109.13477427654539, -88.74493839638649, -84.9594016715553, 47.40973980274377, 33.298726071848336], [-92.73163785265288, -86.8946674709867, -92.83950020002573, -62.808305891260225, 97.16592279295372, -4.679434544733107], [-92.95681552920986, -80.9703799509711, -92.898567675968, -57.758009377439436, 98.6549518433407, -81.69145668202768], [-92.57511723763288, -86.80254187946157, -108.16682718812787, -44.59486880899086, 113.81630523461152, -133.07313931733603], [-97.45277388999241, -100.81743435816742, -113.12854980879193, -18.026908258501983, 127.13051592712243, -158.64669262656275], [-102.04817980509036, -104.53289334211428, -109.59253355471965, -34.44438807965151, 138.00544750096836, -201.7126882492723], [-85.02251261948622, -111.64609823057567, -64.85545018929645, -102.33726073152198, 102.29679504841316, -243.35006784480362], [-61.29897068847081, -120.95203972942129, -64.98598876471372, -114.45874281003024, 64.82710809196439, -243.35075086372063], [-47.72664714722511, -107.71884874084506, -88.4026639566988, -112.28652408791275, 42.07416336276447, -304.57219184755155], [-54.3306750934404, -91.8923715281984, -88.46727754624713, -100.14665514015881, 57.196434411604486, -305.1610975879792], [-78.91891897337942, -91.90750722739915, -82.74051909702827, -90.9608156876787, 82.4258076583651, -305.1082046030466], [-58.291419830860754, -102.37703975324813, -83.22781211317367, -88.90864437041336, 54.394772776335294, -354.77503505853446]], "coeffs": [0.0, 0.0, 0.0, 0.0, 0.0], "ppy": 357.4841003417969, "width": 1280, "fy": 357.4841003417969, "cam_poses": [[-0.8126036471567782, -0.5616611683322081, 0.15560219990476065, 100.1938550792462, -0.5630164692939734, 0.6875025812809602, -0.4586421873702468, -38.56414872546133, 0.15062459271729345, -0.46030091540177837, -0.8748915929125358, 496.35206451239725, 0.0, 0.0, 0.0, 1.0], [-0.862382974660928, 0.4597081562607374, -0.21204720248643402, 48.67580034733462, 0.4976306757535474, 0.6927578474096083, -0.5219676957451227, -54.71987585241114, -0.09305544349492448, -0.5556572467985625, -0.8261874536182477, 416.2481917583485, 0.0, 0.0, 0.0, 1.0], [-0.06295363604365345, 0.9875906647942405, -0.1438802228249345, -58.38962524613922, 0.9192900535161794, 0.0012600942953261418, -0.39357872105664726, -10.163488741631316, -0.38851336812920934, -0.15704486930058056, -0.9079616026084258, 349.6523928725395, 0.0, 0.0, 0.0, 1.0], [0.9348480678100051, 0.3496343312679283, -0.06176507516978083, -1.4698185707769607, 0.2665929043442278, -0.8061357690438626, -0.5282739300981731, 68.43773407760953, -0.23449373864819836, 0.47738973205012347, -0.8468244979143564, 363.7277683979136, 0.0, 0.0, 0.0, 1.0], [-0.0543984570242354, 0.9191045265270548, 0.39024053760579674, -33.5971587519865, 0.9929311883854917, 0.008502531630483645, 0.1183864945306187, -56.157751921395246, 0.10549153048827187, 0.3939220433960906, -0.9130700743764909, 440.38718795217335, 0.0, 0.0, 0.0, 1.0], [-0.7607071066895565, 0.6049767270390886, -0.23521874409382348, 3.128552653161793, 0.46223618633882657, 0.7593073018048291, 0.45802852472832634, -41.85207945562254, 0.4556999076924869, 0.23969893860203373, -0.8572525957744994, 419.0418766033867, 0.0, 0.0, 0.0, 1.0], [-0.7993411258638482, 0.12791925421718747, -0.5871034226635322, 68.49236910477988, 0.21779919086058752, 0.9723127661484898, -0.08468410267072354, -68.8011647865795, 0.5600154256475341, -0.1955621363791847, -0.8050702912489196, 394.07613512351594, 0.0, 0.0, 0.0, 1.0], [-0.9312193193982936, 0.23897478476085177, -0.2751756374170567, 100.3566528870987, 0.28741255832612844, 0.9457866246640368, -0.15126692276581205, -73.8077293808528, 0.22410845699305654, -0.21995161480451314, -0.9494191311792061, 431.0507619488531, 0.0, 0.0, 0.0, 1.0], [-0.9650849638362589, -0.18986958138387455, -0.18044543397459334, 99.39134527075636, -0.016264056885121614, 0.7309959571498222, -0.6821879441064999, -23.49616919263235, 0.2614316220942, -0.6554345525647299, -0.708561256542769, 346.7748465968713, 0.0, 0.0, 0.0, 1.0], [-0.8860962424317825, -0.12425166876862867, -0.44653664122498, 174.00833973352545, -0.16568625698089431, 0.9846549307467487, 0.05479718609359728, -67.3140634396785, 0.4328758637253139, 0.12254056538275913, -0.8930858281485252, 500.5103282753217, 0.0, 0.0, 0.0, 1.0], [0.030214542088307428, -0.9751597862523024, -0.2194321597276878, 89.78257065681706, -0.8032041222846132, 0.10698039799386883, -0.5860190546305444, 136.37148115065926, 0.5949371558336204, 0.19395511264577933, -0.7800199964662223, 541.4275976040508, 0.0, 0.0, 0.0, 1.0], [0.778062028053099, -0.6244901160832584, 0.06805567879476995, 70.73994817551306, -0.4605814906846685, -0.6407819008366966, -0.614217588480498, 69.86023243811115, 0.4271816603514096, 0.4465541965701679, -0.7861966538881888, 399.8977627235534, 0.0, 0.0, 0.0, 1.0], [0.8708894157653061, -0.30999798540427426, 0.3813828451218737, -35.00089589749319, 0.02688091076209362, -0.744784686003631, -0.6667632174400993, 65.89457444742045, 0.49074335669936897, 0.5909289471161183, -0.6402920718825681, 288.36603322068345, 0.0, 0.0, 0.0, 1.0], [0.7985779181258756, 0.17179180455803186, 0.5768543009880722, -50.855971751770845, 0.5168062287288646, -0.6869711996343977, -0.5108638691666549, 21.29360248737231, 0.3085200651963999, 0.7060865009045079, -0.6373831050566352, 279.59418791398724, 0.0, 0.0, 0.0, 1.0], [0.30717864814271234, 0.9455160465039638, 0.10789200122683067, -36.95595084649906, 0.9293846743151928, -0.2736752081390257, -0.24768126210536057, -2.1590013560438677, -0.2046592418466836, 0.17635556768521776, -0.9628153034061959, 412.59040968106024, 0.0, 0.0, 0.0, 1.0], [-0.2980411451736077, 0.766437511952445, -0.5689859541814277, 33.78450544762026, 0.9430084421315789, 0.14398662643217397, -0.30000488242235956, -38.83135074708607, -0.1480086276275035, -0.6259723569622118, -0.7656709831690086, 388.858185055107, 0.0, 0.0, 0.0, 1.0], [-0.958559837504822, -0.2535106225347559, -0.1299823148923335, 33.576279789108376, -0.026858111625789105, 0.5346344660537091, -0.8446565157194738, 12.620015899781194, 0.2836224246469695, -0.8061627329326911, -0.5192879435032827, 410.99960816923254, 0.0, 0.0, 0.0, 1.0], [-0.9376331887354603, 0.08440870276702686, -0.337222736895009, 37.72439204280919, 0.24273844803558312, 0.853384270907471, -0.4613169539622417, -18.658313658148376, 0.24884141381018005, -0.5144030103575524, -0.8206506526580226, 496.53243626165175, 0.0, 0.0, 0.0, 1.0], [-0.7697288664415487, 0.6157932747538812, -0.16827392826727341, 32.3444722428593, 0.628744202702022, 0.7769138853909133, -0.03294756827738961, -42.29724015636501, 0.1104454604554084, -0.1311619512461047, -0.9851894958890433, 497.0452335336005, 0.0, 0.0, 0.0, 1.0], [-0.834321535288903, -0.5511118069134248, 0.013540754550172701, 97.05891573118822, -0.4527569643737218, 0.6709964916375853, -0.5871753055273571, -18.476356486732033, 0.3145134448068323, -0.49602367331678104, -0.8093465318051762, 450.7175994393876, 0.0, 0.0, 0.0, 1.0]], "fx": 640.8161010742188, "robot_poses": [[-0.7406650834620839, -0.4685483274785597, -0.4815368095557687, 83.97470414638519, -0.49092002398802737, 0.8667236282949422, -0.0882478453155969, -653.0852913856506, 0.45870771106195607, 0.1710339643822105, -0.8719716846549582, 257.6430141925812, 0.0, 0.0, 0.0, 1.0], [-0.6491083665720284, 0.555969218238661, -0.5191883635226098, 39.30220380425453, 0.565426621191479, 0.8092066623526432, 0.15961614470999994, -631.6594481468201, 0.5088723459711493, -0.1899547471772899, -0.8396226113740809, 184.68312919139862, 0.0, 0.0, 0.0, 1.0], [0.08318517901592482, 0.993042391152517, -0.08334887741403454, 64.22632187604904, 0.9161902348087441, -0.04330887132045913, 0.39839653023846233, -605.800449848175, 0.39201489720823957, -0.10950411425621934, -0.9134183977388315, 140.59002697467804, 0.0, 0.0, 0.0, 1.0], [0.8355060734617251, 0.24742681781078646, 0.49062161696831, -0.756093708332628, 0.18930946314169034, -0.967834400009528, 0.16570606905965124, -651.0456204414368, 0.5158406036495927, -0.04556911219482781, -0.8554717573597617, 208.07814598083496, 0.0, 0.0, 0.0, 1.0], [0.08926972227954966, 0.9108616355123823, 0.4029416801918619, -81.73368126153946, 0.9871663714465567, -0.027129906737368703, -0.15737383278506284, -542.0568585395813, -0.13241401651325052, 0.4118191946863699, -0.901593854858549, 228.9220690727234, 0.0, 0.0, 0.0, 1.0], [-0.7077259760374026, 0.6707104081807602, 0.22197182523893405, -110.08728295564651, 0.5271352203911197, 0.7105049945861976, -0.4661663995734498, -450.3556489944458, -0.4703747466277411, -0.212908903116017, -0.8563979196079489, 139.3871009349823, 0.0, 0.0, 0.0, 1.0], [-0.9497746487359601, 0.21283400312184295, -0.22941186484925938, -30.751723796129227, 0.30506728535958894, 0.7930733298359105, -0.5272273180576976, -515.7018899917603, 0.06972853090245504, -0.5707331956510966, -0.8181696348313547, 158.31665694713593, 0.0, 0.0, 0.0, 1.0], [-0.9201947464612852, 0.34020113338411306, -0.1936616054596672, -38.80391642451286, 0.3754791081088831, 0.9069651449104033, -0.19086556863774293, -609.5073223114014, 0.11071164328474503, -0.24834938043372715, -0.9623229797107493, 226.55490040779114, 0.0, 0.0, 0.0, 1.0], [-0.7396994219408135, -0.08012687877941202, -0.668150019439868, 10.100321844220161, 0.0587955019795251, 0.9813934855640292, -0.18278379424736277, -633.6002349853516, 0.6703639713822649, -0.1744892827355193, -0.721225093908304, 145.09621262550354, 0.0, 0.0, 0.0, 1.0], [-0.9937790543019143, -0.0314876051486397, 0.10682566149009488, -103.27150672674179, -0.07781308160444463, 0.8825455051532548, -0.46374406267358936, -578.3835649490356, -0.0796763174476144, -0.4691715699568648, -0.8795053850785666, 310.04297733306885, 0.0, 0.0, 0.0, 1.0], [-0.19089878174150166, -0.9739959861174099, 0.12202243300633292, -97.88282215595245, -0.7798477198308118, 0.07498980398692934, -0.6214612322363204, -566.8381452560425, 0.5961503073926024, -0.2137951082816828, -0.7738840111221637, 390.40887355804443, 0.0, 0.0, 0.0, 1.0], [0.5953671183291004, -0.7056708950695072, 0.38414396033818354, -22.97617681324482, -0.5212320731105129, -0.7030829037132551, -0.48372673739111693, -567.8779482841492, 0.6114369308223215, 0.0877668408793327, -0.7864107459010472, 237.64704167842865, 0.0, 0.0, 0.0, 1.0], [0.7412244938278246, -0.4083567730072788, 0.5327579147124588, -22.721009328961372, -0.04267712102154278, -0.820734708624481, -0.569713262440327, -621.8094229698181, 0.6698991812884969, 0.39954885057796147, -0.625776160388706, 169.08562183380127, 0.0, 0.0, 0.0, 1.0], [0.7342113306673025, 0.07420726113470422, 0.6748533205924349, -27.276726439595222, 0.44841209901929624, -0.7993508760571081, -0.3999559555749141, -597.3773002624512, 0.5097649569878834, 0.5962645883679657, -0.6201679041078487, 139.80518281459808, 0.0, 0.0, 0.0, 1.0], [0.3638744166444132, 0.9082666700698128, 0.20651165815029057, 2.710816217586398, 0.9013964755723562, -0.3992338235741001, 0.16762084578040778, -601.7991304397583, 0.2346908663272246, 0.1251559433454861, -0.9639793499385131, 220.58050334453583, 0.0, 0.0, 0.0, 1.0], [-0.056580469753986784, 0.8070367059092397, -0.587784319081057, 67.54802912473679, 0.9553375327940316, 0.2147974431001226, 0.20295875658040086, -601.7595529556274, 0.2900497351790395, -0.5500489194179126, -0.7831457957301154, 143.31607520580292, 0.0, 0.0, 0.0, 1.0], [-0.5423687902024765, -0.1393987562054278, -0.8284950707051199, 73.68829846382141, 0.028686118974217495, 0.9824909689843863, -0.18408857227519185, -556.3101768493652, 0.8396506428226557, -0.12361020440279677, -0.5288736289275537, 176.36948823928833, 0.0, 0.0, 0.0, 1.0], [-0.8296988706994912, 0.18727119572887374, -0.5258605168771152, 51.92473530769348, 0.32680778123964105, 0.9266829729591619, -0.18562150131057834, -523.2166647911072, 0.45254442663810573, -0.32586525877707184, -0.8300695001269112, 259.111613035202, 0.0, 0.0, 0.0, 1.0], [-0.7144941536383125, 0.6912266311976633, -0.10818432760710336, -44.3180613219738, 0.699585891524864, 0.7077926849157701, -0.09802599430297572, -539.0220880508423, 0.008813897890991705, -0.14572322911209204, -0.9892861343924273, 277.66022086143494, 0.0, 0.0, 0.0, 1.0], [-0.7178097320329307, -0.4562351450690271, -0.5259264977186983, 58.92825126647949, -0.3851055360044992, 0.8894806996338827, -0.24600368110560125, -618.1120872497559, 0.5800369942835538, 0.025953369389402098, -0.8141765827385591, 228.01296412944794, 0.0, 0.0, 0.0, 1.0]], "cart_pose": [{"a": 0.6995076537132263, "x": 83.97470414638519, "y": -653.0852913856506, "b": -2.536653995513916, "c": -0.06035584583878517, "z": 257.6430141925812}, {"a": -0.8265635371208191, "x": 39.30220380425453, "y": -631.6594481468201, "b": -2.430858850479126, "c": 0.02236211486160755, "z": 184.68312919139862}, {"a": -2.02038311958313, "x": 64.22632187604904, "y": -605.800449848175, "b": -1.8909543752670288, "c": -0.30571097135543823, "z": 140.59002697467804}, {"a": -2.903362274169922, "x": -0.756093708332628, "y": -651.0456204414368, "b": -0.3465615510940552, "c": -0.7986538410186768, "z": 208.07814598083496}, {"a": 1.9851223230361938, "x": -81.73368126153946, "y": -542.0568585395813, "b": 1.8671109676361084, "c": 0.2661210298538208, "z": 228.9220690727234}, {"a": 0.9295283555984497, "x": -110.08728295564651, "y": -450.3556489944458, "b": 2.5411124229431152, "c": -0.5269625186920166, "z": 139.3871009349823}, {"a": -0.4106178283691406, "x": -30.751723796129227, "y": -515.7018899917603, "b": -2.8233513832092285, "c": 0.8705175518989563, "z": 158.31665694713593}, {"a": -0.5504092574119568, "x": -38.80391642451286, "y": -609.5073223114014, "b": -2.9143831729888916, "c": 0.3377876877784729, "z": 226.55490040779114}, {"a": 0.014814276248216629, "x": 10.100321844220161, "y": -633.6002349853516, "b": -2.3906309604644775, "c": 0.2481200397014618, "z": 145.09621262550354}, {"a": -0.08597582578659058, "x": -103.27150672674179, "y": -578.3835649490356, "b": 2.9543325901031494, "c": -0.7338306307792664, "z": 310.04297733306885}, {"a": 1.7484185695648193, "x": -97.88282215595245, "y": -566.8381452560425, "b": -2.0334630012512207, "c": 0.832672655582428, "z": 390.40887355804443}, {"a": 2.505265712738037, "x": -22.97617681324482, "y": -567.8779482841492, "b": -0.9963878989219666, "c": 0.8085274696350098, "z": 237.64704167842865}, {"a": 2.404003143310547, "x": -22.721009328961372, "y": -621.8094229698181, "b": -0.3401433229446411, "c": 0.9069734811782837, "z": 169.08562183380127}, {"a": 2.380199432373047, "x": -27.276726439595222, "y": -597.3773002624512, "b": 0.39443397521972656, "c": 0.8940612077713013, "z": 139.80518281459808}, {"a": -2.5729763507843018, "x": 2.710816217586398, "y": -601.7991304397583, "b": -1.7073967456817627, "c": -0.41626960039138794, "z": 220.58050334453583}, {"a": -1.6268559694290161, "x": 67.54802912473679, "y": -601.7595529556274, "b": -1.8965405225753784, "c": 0.32040056586265564, "z": 143.31607520580292}, {"a": 0.07737650722265244, "x": 73.68829846382141, "y": -556.3101768493652, "b": -2.1342389583587646, "c": 0.2150491327047348, "z": 176.36948823928833}, {"a": -0.36796268820762634, "x": 51.92473530769348, "y": -523.2166647911072, "b": -2.5670769214630127, "c": 0.3661072552204132, "z": 259.111613035202}, {"a": -1.1595286130905151, "x": -44.3180613219738, "y": -539.0220880508423, "b": -2.8442485332489014, "c": 0.20321516692638397, "z": 277.66022086143494}, {"a": 0.6040052175521851, "x": 58.92825126647949, "y": -618.1120872497559, "b": -2.456298589706421, "c": 0.15797588229179382, "z": 228.01296412944794}]}