%YAML:1.0
---
poses: !!opencv-matrix
   rows: 20
   cols: 16
   dt: d
   data: [ -7.4066508346208393e-01, -4.6854832747855968e-01,
       -4.8153680955576872e-01, 8.3974704146385193e+01,
       -4.9092002398802737e-01, 8.6672362829494221e-01,
       -8.8247845315596901e-02, -6.5308529138565063e+02,
       4.5870771106195607e-01, 1.7103396438221050e-01,
       -8.7197168465495822e-01, 2.5764301419258118e+02, 0., 0., 0., 1.,
       -6.4910836657202842e-01, 5.5596921823866097e-01,
       -5.1918836352260977e-01, 3.9302203804254532e+01,
       5.6542662119147902e-01, 8.0920666235264316e-01,
       1.5961614470999994e-01, -6.3165944814682007e+02,
       5.0887234597114928e-01, -1.8995474717728991e-01,
       -8.3962261137408090e-01, 1.8468312919139862e+02, 0., 0., 0., 1.,
       8.3185179015924815e-02, 9.9304239115251702e-01,
       -8.3348877414034545e-02, 6.4226321876049042e+01,
       9.1619023480874406e-01, -4.3308871320459130e-02,
       3.9839653023846233e-01, -6.0580044984817505e+02,
       3.9201489720823957e-01, -1.0950411425621934e-01,
       -9.1341839773883149e-01, 1.4059002697467804e+02, 0., 0., 0., 1.,
       8.3550607346172512e-01, 2.4742681781078646e-01,
       4.9062161696831003e-01, -7.5609370833262801e-01,
       1.8930946314169034e-01, -9.6783440000952803e-01,
       1.6570606905965124e-01, -6.5104562044143677e+02,
       5.1584060364959272e-01, -4.5569112194827809e-02,
       -8.5547175735976166e-01, 2.0807814598083496e+02, 0., 0., 0., 1.,
       8.9269722279549657e-02, 9.1086163551238231e-01,
       4.0294168019186188e-01, -8.1733681261539459e+01,
       9.8716637144655672e-01, -2.7129906737368703e-02,
       -1.5737383278506284e-01, -5.4205685853958130e+02,
       -1.3241401651325052e-01, 4.1181919468636990e-01,
       -9.0159385485854904e-01, 2.2892206907272339e+02, 0., 0., 0., 1.,
       -7.0772597603740262e-01, 6.7071040818076022e-01,
       2.2197182523893405e-01, -1.1008728295564651e+02,
       5.2713522039111971e-01, 7.1050499458619765e-01,
       -4.6616639957344980e-01, -4.5035564899444580e+02,
       -4.7037474662774109e-01, -2.1290890311601701e-01,
       -8.5639791960794887e-01, 1.3938710093498230e+02, 0., 0., 0., 1.,
       -9.4977464873596007e-01, 2.1283400312184295e-01,
       -2.2941186484925938e-01, -3.0751723796129227e+01,
       3.0506728535958894e-01, 7.9307332983591050e-01,
       -5.2722731805769762e-01, -5.1570188999176025e+02,
       6.9728530902455038e-02, -5.7073319565109659e-01,
       -8.1816963483135474e-01, 1.5831665694713593e+02, 0., 0., 0., 1.,
       -9.2019474646128518e-01, 3.4020113338411306e-01,
       -1.9366160545966721e-01, -3.8803916424512863e+01,
       3.7547910810888308e-01, 9.0696514491040325e-01,
       -1.9086556863774293e-01, -6.0950732231140137e+02,
       1.1071164328474503e-01, -2.4834938043372715e-01,
       -9.6232297971074932e-01, 2.2655490040779114e+02, 0., 0., 0., 1.,
       -7.3969942194081351e-01, -8.0126878779412020e-02,
       -6.6815001943986796e-01, 1.0100321844220161e+01,
       5.8795501979525100e-02, 9.8139348556402917e-01,
       -1.8278379424736277e-01, -6.3360023498535156e+02,
       6.7036397138226489e-01, -1.7448928273551931e-01,
       -7.2122509390830403e-01, 1.4509621262550354e+02, 0., 0., 0., 1.,
       -9.9377905430191427e-01, -3.1487605148639700e-02,
       1.0682566149009488e-01, -1.0327150672674179e+02,
       -7.7813081604444626e-02, 8.8254550515325481e-01,
       -4.6374406267358936e-01, -5.7838356494903564e+02,
       -7.9676317447614400e-02, -4.6917156995686482e-01,
       -8.7950538507856657e-01, 3.1004297733306885e+02, 0., 0., 0., 1.,
       -1.9089878174150166e-01, -9.7399598611740990e-01,
       1.2202243300633292e-01, -9.7882822155952454e+01,
       -7.7984771983081180e-01, 7.4989803986929338e-02,
       -6.2146123223632044e-01, -5.6683814525604248e+02,
       5.9615030739260244e-01, -2.1379510828168280e-01,
       -7.7388401112216365e-01, 3.9040887355804443e+02, 0., 0., 0., 1.,
       5.9536711832910039e-01, -7.0567089506950720e-01,
       3.8414396033818354e-01, -2.2976176813244820e+01,
       -5.2123207311051289e-01, -7.0308290371325510e-01,
       -4.8372673739111693e-01, -5.6787794828414917e+02,
       6.1143693082232153e-01, 8.7766840879332703e-02,
       -7.8641074590104720e-01, 2.3764704167842865e+02, 0., 0., 0., 1.,
       7.4122449382782463e-01, -4.0835677300727879e-01,
       5.3275791471245881e-01, -2.2721009328961372e+01,
       -4.2677121021542780e-02, -8.2073470862448095e-01,
       -5.6971326244032705e-01, -6.2180942296981812e+02,
       6.6989918128849690e-01, 3.9954885057796147e-01,
       -6.2577616038870598e-01, 1.6908562183380127e+02, 0., 0., 0., 1.,
       7.3421133066730249e-01, 7.4207261134704217e-02,
       6.7485332059243486e-01, -2.7276726439595222e+01,
       4.4841209901929624e-01, -7.9935087605710808e-01,
       -3.9995595557491409e-01, -5.9737730026245117e+02,
       5.0976495698788338e-01, 5.9626458836796570e-01,
       -6.2016790410784872e-01, 1.3980518281459808e+02, 0., 0., 0., 1.,
       3.6387441664441322e-01, 9.0826667006981276e-01,
       2.0651165815029057e-01, 2.7108162175863981e+00,
       9.0139647557235625e-01, -3.9923382357410009e-01,
       1.6762084578040778e-01, -6.0179913043975830e+02,
       2.3469086632722461e-01, 1.2515594334548610e-01,
       -9.6397934993851309e-01, 2.2058050334453583e+02, 0., 0., 0., 1.,
       -5.6580469753986784e-02, 8.0703670590923970e-01,
       -5.8778431908105699e-01, 6.7548029124736786e+01,
       9.5533753279403155e-01, 2.1479744310012261e-01,
       2.0295875658040086e-01, -6.0175955295562744e+02,
       2.9004973517903948e-01, -5.5004891941791256e-01,
       -7.8314579573011545e-01, 1.4331607520580292e+02, 0., 0., 0., 1.,
       -5.4236879020247653e-01, -1.3939875620542780e-01,
       -8.2849507070511985e-01, 7.3688298463821411e+01,
       2.8686118974217495e-02, 9.8249096898438626e-01,
       -1.8408857227519185e-01, -5.5631017684936523e+02,
       8.3965064282265567e-01, -1.2361020440279677e-01,
       -5.2887362892755374e-01, 1.7636948823928833e+02, 0., 0., 0., 1.,
       -8.2969887069949122e-01, 1.8727119572887374e-01,
       -5.2586051687711521e-01, 5.1924735307693481e+01,
       3.2680778123964105e-01, 9.2668297295916191e-01,
       -1.8562150131057834e-01, -5.2321666479110718e+02,
       4.5254442663810573e-01, -3.2586525877707184e-01,
       -8.3006950012691116e-01, 2.5911161303520203e+02, 0., 0., 0., 1.,
       -7.1449415363831248e-01, 6.9122663119766325e-01,
       -1.0818432760710336e-01, -4.4318061321973801e+01,
       6.9958589152486395e-01, 7.0779268491577008e-01,
       -9.8025994302975719e-02, -5.3902208805084229e+02,
       8.8138978909917051e-03, -1.4572322911209204e-01,
       -9.8928613439242730e-01, 2.7766022086143494e+02, 0., 0., 0., 1.,
       -7.1780973203293075e-01, -4.5623514506902713e-01,
       -5.2592649771869826e-01, 5.8928251266479492e+01,
       -3.8510553600449920e-01, 8.8948069963388265e-01,
       -2.4600368110560125e-01, -6.1811208724975586e+02,
       5.8003699428355382e-01, 2.5953369389402098e-02,
       -8.1417658273855908e-01, 2.2801296412944794e+02, 0., 0., 0., 1. ]
